0
[[43.  0.  2.  0.  0.  0.  0. 21.  0. 34.]
 [ 5. 28.  1.  0.  0.  0.  1.  1.  0.  0.]
 [ 7.  0. 41.  0.  8.  2. 22. 19.  1.  0.]
 [12.  5.  9. 28.  8.  3.  4.  6. 14. 11.]
 [20.  6. 20.  0. 33.  1.  6. 10.  1.  3.]
 [ 3.  2.  0. 15.  0. 43.  0. 10. 14.  9.]
 [ 0.  0.  0.  3. 10.  0. 19.  2.  0.  1.]
 [ 2.  0. 42.  0.  4.  0.  0. 69.  0.  3.]
 [ 3.  0.  1. 10.  3.  4.  1.  0. 60.  4.]
 [10.  1. 15.  9.  2.  4. 12. 14.  5. 28.]]

1
[[31.  0. 27.  0.  0.  0.  2. 25.  0. 15.]
 [ 1. 35.  0.  3.  0.  0.  2.  0.  0.  1.]
 [ 8.  1. 52.  1.  1.  8.  6.  2.  4. 17.]
 [ 1.  4.  7. 55.  9.  4.  9.  2.  5.  4.]
 [ 6.  1.  7.  1. 45.  0. 11. 10.  0. 19.]
 [ 3.  5. 28.  0.  0. 22.  3.  5.  4. 30.]
 [ 0.  0.  5.  5.  9.  0. 14.  1.  0.  1.]
 [16.  0. 24.  0.  0.  9.  2. 22. 47.  0.]
 [ 5.  8.  6. 17.  0.  3.  6.  0. 46.  0.]
 [15.  9. 22.  2.  1.  2.  8. 10.  0. 31.]]

2
[[15.  0. 11. 10.  0.  1.  0. 52.  0. 11.]
 [ 0. 40.  0.  0.  2.  0.  0.  0.  1.  0.]
 [ 1.  0. 38. 15.  5.  0. 21.  2.  2. 16.]
 [ 3.  3. 15. 46.  6.  2. 10.  0.  4. 11.]
 [ 6. 11. 16. 13. 21.  0.  1. 20. 12.  0.]
 [15.  0. 17.  0.  0. 11.  1. 59.  0.  4.]
 [ 1.  0.  6.  1.  0.  0. 23.  3.  0.  2.]
 [12.  0. 25.  0.  0.  3. 15. 28.  0. 37.]
 [10.  0.  4. 12.  2.  2.  9.  0. 80.  0.]
 [ 9.  7. 23.  0.  4.  0. 18.  3.  0. 36.]]

3
[[ 25.   0.   0.   0.  16.  11.   0.  34.   0.  14.]
 [  7.  26.   0.   1.   0.   0.   9.   9.   6.   1.]
 [  3.   5.  24.   9.   8.   3.  15.  17.   0.  16.]
 [  6.   1.  12.  43.   4.   2.   6.   8.   4.  14.]
 [  1.   1.   8.   1.  45.   1.   0.  43.   0.   0.]
 [ 15.   0.  49.   0.   0.   0.  15.  11.  16.   1.]
 [  1.   1.   3.   1.   0.   3.  21.   5.   0.   3.]
 [  6.   0.  47.   0.   0.   4.  17.  23.   0.  23.]
 [ 26.   0.   3.  19.   0.   1.   3.   0. 108.   6.]
 [ 18.   3.  10.   6.   5.  11.   2.   3.   7.  35.]]

4
[[ 33.   1.   0.   0.  30.   0.   1.   4.  13.  18.]
 [  0.  62.  22.   0.   0.   0.   9.   1.   3.   1.]
 [  5.   2.  50.   0.  10.   0.   2.  17.   8.   6.]
 [ 10.   1.  13.  37.   2.   0.  17.   6.   7.   7.]
 [  3.   0.   3.  12.  17.  10.   0.  52.   2.   1.]
 [  0.   0.   0.   0.   3.  41.   0.  52.  10.   1.]
 [  0.   0.  10.   1.   1.   3.  11.  12.   0.   2.]
 [  3.   0.   0.   0.   3.  11.   0. 103.   0.   0.]
 [  1.   1.   5.  17.   0.   0.   2.   0.  45.   0.]
 [ 10.   4.   8.  13.   0.   1.   9.   6.   2.  47.]]

5
[[ 1.  1. 14.  8.  0.  6.  3.  2. 19. 46.]
 [ 2. 19.  0.  0.  1.  0.  2.  1.  0.  3.]
 [ 4.  1. 32.  4. 18.  1. 13.  3.  5. 19.]
 [13.  1.  5. 32. 18.  0. 12.  5.  2. 12.]
 [ 6.  4.  0.  5. 50.  1. 13. 21.  0.  0.]
 [22.  1. 19.  1.  0. 29. 13. 11.  4.  7.]
 [ 1.  1.  2.  0. 12.  0. 27.  1.  1.  1.]
 [ 4.  0.  0.  0.  7.  0.  0. 57.  0.  0.]
 [ 0.  1. 10. 13.  0.  7.  2.  0. 41.  0.]
 [ 7. 13. 13.  0.  6.  0. 17.  8.  2. 34.]]

6
[[38.  0.  1.  1.  0.  1.  0. 24.  0. 35.]
 [ 0. 22.  2.  0.  0.  2.  0.  0.  1.  1.]
 [11.  0. 50.  8.  0.  4. 16.  6.  1.  4.]
 [10.  0.  7. 54.  0.  4. 11.  1.  5.  8.]
 [16.  2.  0.  0. 22. 15. 19. 24.  0.  2.]
 [10.  2. 29.  2.  0. 26.  0. 10. 18.  9.]
 [ 0.  0.  4.  0.  6.  1. 39.  1.  0.  0.]
 [21.  0.  0.  0.  0.  0.  0. 41.  0. 14.]
 [19.  2.  8.  9.  0. 10.  1.  3. 21.  4.]
 [15.  2. 15.  3.  9.  3.  7.  3.  0. 43.]]

7
[[ 1.  5. 33. 11.  0.  0.  1.  0.  0. 49.]
 [ 0. 17.  1.  0. 11.  0.  1.  0.  0.  0.]
 [ 2.  2. 47.  9.  2.  7. 10.  7.  2. 12.]
 [15.  2.  2. 46.  5.  5.  8.  2.  9.  6.]
 [ 4.  3.  0. 26. 39.  0. 10. 17.  1.  0.]
 [25.  0. 13.  0.  0. 30.  3. 17.  0.  0.]
 [ 1.  5.  6.  0.  0.  0. 16.  2.  0.  0.]
 [ 0.  0.  1.  0.  0.  0.  0. 76.  0.  1.]
 [ 2.  0.  0.  2.  0.  1.  0.  0. 75.  0.]
 [14.  0. 14.  8.  0.  0.  1. 20. 11. 32.]]

8
[[17.  0.  1.  2.  0.  0. 11. 60.  0.  9.]
 [ 2. 19.  5.  0.  0.  0.  5.  0.  0.  1.]
 [ 8.  6. 49.  2.  9.  9. 14.  2.  1.  0.]
 [12.  7.  2. 33. 13. 10.  8.  2.  7.  6.]
 [ 6.  7.  3.  0. 29.  0.  6. 40.  0.  9.]
 [26.  0.  3.  0.  0. 25.  0. 32.  2.  1.]
 [ 1.  0.  3.  0.  1.  0. 15.  1.  0. 10.]
 [ 0.  0.  3.  0.  4.  0.  0. 75.  0.  0.]
 [ 6.  0.  0.  1.  0.  0.  0.  0. 75.  0.]
 [ 5.  1. 21.  1.  2.  4.  7.  9.  7. 43.]]

9
[[11.  0. 72.  0.  0.  0.  0. 15.  1.  1.]
 [ 0. 19.  5.  1.  1.  1.  4.  1.  0.  1.]
 [ 0.  1. 45.  4.  9.  4. 17.  3.  1. 16.]
 [10.  0.  8. 36. 11.  2. 17.  3.  6.  7.]
 [ 1.  1. 15.  1. 28. 20. 23. 10.  1.  0.]
 [ 7.  0. 61.  1.  0.  7.  0. 11.  0.  6.]
 [ 0.  0.  0.  0.  7.  1. 20.  0.  2.  2.]
 [ 0.  0.  5.  0.  4.  3.  0. 84.  0.  0.]
 [ 9.  4.  9.  0.  0.  4. 13.  5. 34.  5.]
 [12.  1. 19.  0.  0.  5. 12. 11.  6. 34.]]

sum:
[[215.   7. 161.  32.  46.  19.  18. 237.  33. 232.]
 [ 17. 287.  36.   5.  15.   3.  33.  13.  11.   9.]
 [ 49.  18. 428.  52.  70.  38. 136.  78.  25. 106.]
 [ 92.  24.  80. 410.  76.  32. 102.  35.  63.  86.]
 [ 69.  36.  72.  59. 329.  48.  89. 247.  17.  34.]
 [126.  10. 219.  19.   3. 234.  35. 218.  68.  68.]
 [  5.   7.  39.  11.  46.   8. 205.  28.   3.  22.]
 [ 64.   0. 147.   0.  22.  30.  34. 578.  47.  78.]
 [ 81.  16.  46. 100.   5.  32.  37.   8. 585.  19.]
 [115.  41. 160.  42.  29.  30.  93.  87.  40. 363.]]

percent:
[[21.5  0.7 16.1  3.2  4.6  1.9  1.8 23.7  3.3 23.2]
 [ 4.  66.9  8.4  1.2  3.5  0.7  7.7  3.   2.6  2.1]
 [ 4.9  1.8 42.8  5.2  7.   3.8 13.6  7.8  2.5 10.6]
 [ 9.2  2.4  8.  41.   7.6  3.2 10.2  3.5  6.3  8.6]
 [ 6.9  3.6  7.2  5.9 32.9  4.8  8.9 24.7  1.7  3.4]
 [12.6  1.  21.9  1.9  0.3 23.4  3.5 21.8  6.8  6.8]
 [ 1.3  1.9 10.4  2.9 12.3  2.1 54.8  7.5  0.8  5.9]
 [ 6.4  0.  14.7  0.   2.2  3.   3.4 57.8  4.7  7.8]
 [ 8.7  1.7  5.  10.8  0.5  3.4  4.   0.9 63.   2. ]
 [11.5  4.1 16.   4.2  2.9  3.   9.3  8.7  4.  36.3]]

total accuracy:44.04%
